M1 : 0.08431
M2 : 0.11009
M3 : 0.20467
M4 : 0.26721
M5 : 0.39202
M6 : 0.42842
M7 : 0.43458
M8 : 0.45661
M9 : 0.46074
M10: 0.46456

Ensemble:
M6 + M5 + M4 : 0.44904
M7 + M6 + M5 : 0.44717
M8 + M7 + M6 : 0.46182
M8 + M7 + M6 + '以及': 0.47036 
M10 + M9 + M8 + '以及': 0.49141